function [V] = corner(frame)
V = [686 414;1339 239;1430 581;629 765];
end