function [V] = cornerTestMasque(frame)
V = [677;352;1299;190;1368;509;610;676];
end