function [V] = corner(frame)
V = [686 414;1339 239;629 765;1430 581];
end